county_fips_code,never,rarely,sometimes,frequently,always
15007,0,0.021,0.046,0.108,0.825
36011,0,0.033,0.072,0.162,0.732
48209,0,0.007,0.022,0.115,0.855
51740,0,0.019,0.122,0.225,0.634
17019,0,0.067,0.08,0.192,0.661
48493,0,0.003,0.072,0.208,0.716
36123,0,0.006,0.023,0.087,0.884
08117,0,0.001,0.064,0.151,0.784
48255,0,0.001,0.104,0.145,0.75
47059,0.125,0.178,0.033,0.254,0.41
29201,0.125,0.115,0.128,0.247,0.385
41057,0.125,0.04,0.092,0.163,0.581
13035,0.125,0.037,0.144,0.163,0.53
20205,0.125,0.148,0.145,0.184,0.398
19149,0.125,0.145,0.166,0.162,0.402
37157,0.125,0.094,0.124,0.111,0.546
13157,0.125,0.085,0.117,0.24,0.434
48421,0.125,0.073,0.129,0.267,0.406
48109,0.125,0.006,0.039,0.176,0.654
31109,0.093,0.061,0.112,0.264,0.47
01077,0.093,0.119,0.141,0.179,0.469
13145,0.093,0.081,0.061,0.213,0.551
31101,0.093,0.15,0.13,0.235,0.393
31049,0.093,0.147,0.138,0.267,0.355
55075,0.093,0.104,0.066,0.258,0.479
47183,0.093,0.135,0.228,0.251,0.292
29147,0.093,0.193,0.16,0.283,0.272
18157,0.093,0.083,0.102,0.204,0.518
13087,0.093,0.04,0.171,0.18,0.516
28047,0.093,0.071,0.142,0.237,0.457
21103,0.093,0.082,0.174,0.254,0.398
18009,0.093,0.152,0.106,0.203,0.447
31163,0.093,0.099,0.11,0.307,0.39
22089,0.093,0.048,0.027,0.165,0.667
38023,0.186,0.168,0.163,0.255,0.227
13115,0.186,0.036,0.234,0.148,0.395
39131,0.186,0.124,0.124,0.158,0.409
18073,0.186,0.1,0.065,0.328,0.321
38105,0.186,0.182,0.155,0.254,0.223
16025,0.186,0.03,0.047,0.098,0.639
40035,0.247,0.113,0.236,0.112,0.292
56019,0.183,0.208,0.103,0.216,0.29
19021,0.183,0.062,0.26,0.207,0.288
29167,0.183,0.109,0.103,0.189,0.416
18065,0.183,0.148,0.125,0.111,0.434
21109,0.183,0.068,0.092,0.235,0.421
19035,0.183,0.105,0.221,0.182,0.309
20157,0.183,0.073,0.076,0.295,0.373
18183,0.061,0.186,0.132,0.16,0.46
22047,0.061,0.021,0.084,0.19,0.644
50027,0.061,0.055,0.03,0.227,0.627
27159,0.061,0.211,0.157,0.203,0.367
23023,0.061,0.026,0.033,0.216,0.664
13053,0.061,0.072,0.108,0.214,0.545
08105,0.061,0.144,0.11,0.242,0.444
13139,0.061,0.069,0.128,0.198,0.545
01131,0.061,0.098,0.199,0.187,0.455
19033,0.061,0.365,0.146,0.213,0.215
31097,0.061,0.175,0.247,0.207,0.31
28135,0.061,0.086,0.118,0.274,0.461
21157,0.061,0.083,0.28,0.18,0.395
47179,0.061,0.074,0.166,0.218,0.48
20049,0.061,0.05,0.295,0.282,0.312
47055,0.061,0.068,0.192,0.237,0.441
42105,0.061,0.011,0.061,0.12,0.747
27085,0.061,0.176,0.193,0.383,0.186
26129,0.061,0.117,0.106,0.259,0.458
49025,0.061,0.041,0.226,0.227,0.445
28107,0.061,0.158,0.113,0.269,0.399
13299,0.061,0.108,0.109,0.166,0.556
32023,0.061,0.038,0.052,0.183,0.666
56037,0.061,0.295,0.23,0.146,0.268
48417,0.061,0.099,0.14,0.183,0.518
55101,0.061,0.067,0.167,0.193,0.512
48047,0.061,0.004,0.166,0.09,0.678
13073,0.061,0.064,0.095,0.234,0.547
13211,0.061,0.064,0.093,0.168,0.614
28083,0.122,0.093,0.119,0.129,0.537
20189,0.122,0.132,0.112,0.225,0.408
17081,0.122,0.126,0.08,0.279,0.393
29071,0.122,0.086,0.1,0.233,0.458
13175,0.122,0.056,0.141,0.291,0.391
49015,0.122,0.109,0.106,0.239,0.424
27107,0.122,0.154,0.109,0.186,0.428
30103,0.122,0.188,0.16,0.259,0.27
31077,0.122,0.091,0.122,0.245,0.421
19191,0.122,0.044,0.151,0.177,0.505
22001,0.122,0.111,0.138,0.265,0.362
18021,0.122,0.073,0.112,0.226,0.466
48131,0.122,0.003,0.132,0.053,0.691
27173,0.122,0.096,0.254,0.202,0.326
27105,0.244,0.078,0.18,0.215,0.284
16021,0.045,0.171,0.061,0.185,0.537
19169,0.045,0.075,0.071,0.235,0.574
48093,0.045,0.075,0.059,0.2,0.621
06005,0.045,0.013,0.099,0.188,0.655
48155,0.045,0.101,0.23,0.147,0.477
13099,0.045,0.062,0.156,0.253,0.485
16049,0.045,0.094,0.164,0.275,0.423
37161,0.045,0.17,0.098,0.156,0.532
53069,0.045,0.057,0.079,0.161,0.658
06009,0.045,0.019,0.098,0.276,0.562
18173,0.045,0.038,0.117,0.252,0.548
39135,0.045,0.146,0.186,0.248,0.375
51179,0.045,0.035,0.097,0.095,0.728
39163,0.09,0.165,0.218,0.147,0.38
38017,0.09,0.113,0.142,0.233,0.423
01127,0.09,0.081,0.145,0.256,0.429
12017,0.09,0.036,0.087,0.178,0.609
48353,0.09,0.072,0.108,0.187,0.544
29005,0.09,0.144,0.097,0.287,0.382
12053,0.09,0.04,0.091,0.19,0.589
19015,0.09,0.08,0.1,0.197,0.533
19173,0.09,0.151,0.185,0.282,0.292
31127,0.09,0.148,0.137,0.293,0.333
18051,0.09,0.1,0.204,0.255,0.351
48003,0.09,0.044,0.067,0.202,0.597
49005,0.09,0.108,0.08,0.31,0.411
45059,0.09,0.102,0.164,0.214,0.43
12089,0.09,0.07,0.147,0.223,0.47
17001,0.18,0.092,0.189,0.19,0.35
27091,0.18,0.115,0.134,0.205,0.366
05113,0.18,0.08,0.217,0.076,0.446
47135,0.18,0.148,0.137,0.159,0.376
19161,0.18,0.071,0.286,0.159,0.303
16063,0.18,0.2,0.105,0.135,0.379
17009,0.18,0.099,0.136,0.2,0.385
05027,0.241,0.072,0.054,0.25,0.383
46109,0.241,0.175,0.164,0.094,0.326
19063,0.241,0.083,0.067,0.181,0.428
29109,0.241,0.05,0.251,0.222,0.237
31165,0.241,0.161,0.101,0.292,0.205
39015,0.177,0.177,0.101,0.128,0.417
38037,0.177,0.233,0.125,0.275,0.19
18149,0.177,0.151,0.088,0.219,0.365
13081,0.119,0.023,0.06,0.163,0.635
13167,0.119,0.053,0.109,0.251,0.468
48111,0.119,0.074,0.123,0.289,0.396
16045,0.119,0.136,0.111,0.198,0.436
28077,0.119,0.133,0.142,0.135,0.471
16033,0.119,0.228,0.196,0.239,0.218
46057,0.119,0.143,0.256,0.137,0.345
47119,0.119,0.07,0.19,0.156,0.466
39147,0.119,0.195,0.243,0.164,0.279
17125,0.238,0.031,0.292,0.126,0.313
28073,0.087,0.045,0.08,0.27,0.517
13257,0.087,0.116,0.116,0.31,0.37
20103,0.087,0.135,0.092,0.142,0.544
27075,0.087,0.033,0.075,0.341,0.464
46099,0.087,0.187,0.106,0.251,0.369
38099,0.087,0.181,0.208,0.253,0.271
51590,0.087,0.043,0.209,0.127,0.534
30047,0.087,0.23,0.128,0.206,0.349
54081,0.087,0.083,0.257,0.148,0.426
05123,0.087,0.007,0.289,0.267,0.35
28037,0.087,0.112,0.154,0.138,0.509
48495,0.087,0.05,0.086,0.196,0.581
24033,0.087,0.034,0.064,0.094,0.72
08029,0.087,0.094,0.074,0.295,0.45
29051,0.087,0.185,0.107,0.187,0.434
51173,0.087,0.079,0.237,0.182,0.415
12003,0.087,0.076,0.18,0.215,0.442
54079,0.087,0.048,0.088,0.184,0.593
28095,0.087,0.064,0.139,0.171,0.539
48207,0.087,0.128,0.137,0.209,0.439
51520,0.174,0.125,0.075,0.273,0.352
17045,0.174,0.09,0.131,0.208,0.398
20141,0.174,0.233,0.163,0.136,0.293
20053,0.174,0.133,0.133,0.187,0.373
55077,0.174,0.191,0.2,0.163,0.271
20105,0.171,0.132,0.16,0.163,0.375
31107,0.171,0.178,0.195,0.157,0.299
05089,0.171,0.112,0.119,0.108,0.49
20089,0.171,0.142,0.087,0.259,0.34
39027,0.171,0.198,0.071,0.105,0.455
39173,0.029,0.061,0.086,0.252,0.572
50001,0.029,0.045,0.086,0.139,0.702
37109,0.029,0.09,0.084,0.234,0.563
48471,0.029,0.058,0.079,0.179,0.655
40011,0.029,0.081,0.244,0.32,0.326
32005,0.029,0.055,0.091,0.238,0.588
48079,0.029,0.078,0.068,0.229,0.595
41047,0.029,0.013,0.053,0.196,0.71
40123,0.029,0.033,0.102,0.235,0.601
51660,0.029,0.066,0.129,0.205,0.571
50017,0.029,0.095,0.073,0.107,0.696
39051,0.029,0.046,0.318,0.272,0.335
28089,0.029,0.043,0.184,0.242,0.502
37167,0.029,0.083,0.097,0.217,0.574
27169,0.029,0.151,0.057,0.328,0.435
37119,0.029,0.037,0.075,0.166,0.694
51015,0.029,0.037,0.061,0.173,0.701
13305,0.029,0.139,0.143,0.139,0.55
34031,0.029,0.015,0.063,0.138,0.756
31143,0.029,0.167,0.277,0.174,0.353
28025,0.029,0.082,0.098,0.214,0.577
28161,0.029,0.108,0.121,0.217,0.523
20091,0.029,0.019,0.075,0.224,0.654
28159,0.029,0.038,0.057,0.199,0.676
36013,0.029,0.024,0.038,0.206,0.703
48383,0.058,0.061,0.064,0.237,0.58
13247,0.058,0.078,0.115,0.216,0.534
21219,0.058,0.147,0.135,0.266,0.394
55113,0.058,0.126,0.133,0.256,0.427
06101,0.058,0.031,0.08,0.163,0.669
26041,0.058,0.023,0.17,0.217,0.532
28097,0.058,0.176,0.109,0.147,0.51
37057,0.058,0.085,0.169,0.134,0.554
22017,0.058,0.079,0.158,0.209,0.497
27017,0.058,0.054,0.09,0.329,0.469
02230,0.058,0.038,0.116,0.435,0.354
48429,0.058,0.149,0.221,0.127,0.445
48037,0.058,0.134,0.114,0.221,0.473
47065,0.116,0.116,0.129,0.229,0.411
31033,0.116,0.159,0.164,0.338,0.223
19073,0.116,0.141,0.235,0.153,0.354
26155,0.116,0.046,0.065,0.297,0.475
28113,0.116,0.092,0.106,0.155,0.531
22049,0.116,0.083,0.127,0.29,0.383
30097,0.116,0.157,0.126,0.227,0.374
28057,0.116,0.074,0.155,0.191,0.464
05067,0.116,0.103,0.135,0.179,0.468
05149,0.116,0.1,0.112,0.198,0.474
05139,0.116,0.179,0.098,0.262,0.344
30039,0.116,0.17,0.109,0.183,0.422
18121,0.116,0.111,0.174,0.195,0.405
55127,0.116,0.146,0.137,0.191,0.41
13055,0.116,0.102,0.187,0.143,0.451
46115,0.232,0.103,0.132,0.173,0.36
48443,0.021,0.061,0.167,0.154,0.597
48039,0.021,0.042,0.075,0.17,0.691
06037,0.021,0.013,0.049,0.131,0.786
48085,0.021,0.026,0.054,0.181,0.719
08093,0.021,0.018,0.103,0.137,0.722
48457,0.021,0.066,0.054,0.155,0.703
19019,0.021,0.124,0.087,0.394,0.373
32007,0.021,0.046,0.19,0.364,0.379
48127,0.021,0.059,0.097,0.133,0.69
37065,0.021,0.037,0.055,0.184,0.703
17155,0.021,0.025,0.168,0.251,0.535
40065,0.021,0.127,0.148,0.291,0.411
55029,0.021,0.03,0.059,0.264,0.627
06019,0.021,0.022,0.059,0.156,0.741
27053,0.021,0.044,0.096,0.243,0.596
27139,0.021,0.057,0.12,0.319,0.482
28149,0.021,0.079,0.095,0.217,0.586
08057,0.021,0.027,0.09,0.342,0.52
48199,0.021,0.054,0.102,0.187,0.636
41071,0.021,0.035,0.072,0.143,0.729
54027,0.021,0.035,0.088,0.236,0.619
31151,0.021,0.07,0.186,0.217,0.507
50011,0.042,0.058,0.056,0.134,0.71
48197,0.042,0.116,0.237,0.223,0.381
26093,0.042,0.021,0.052,0.198,0.687
39035,0.042,0.052,0.084,0.213,0.609
40125,0.042,0.052,0.278,0.236,0.392
05069,0.042,0.036,0.172,0.173,0.577
31025,0.042,0.049,0.119,0.24,0.55
51141,0.042,0.098,0.166,0.203,0.491
37077,0.042,0.033,0.082,0.107,0.736
53047,0.042,0.066,0.075,0.199,0.617
01051,0.042,0.095,0.127,0.252,0.485
02195,0.042,0.095,0.148,0.349,0.365
37181,0.042,0.031,0.137,0.159,0.631
02150,0.042,0.043,0.049,0.233,0.633
53073,0.042,0.028,0.061,0.122,0.747
17187,0.042,0.02,0.141,0.276,0.522
40099,0.042,0.154,0.247,0.218,0.34
55078,0.042,0.103,0.31,0.246,0.3
40141,0.042,0.142,0.11,0.225,0.48
02020,0.042,0.05,0.049,0.196,0.663
21239,0.042,0.017,0.049,0.193,0.698
42015,0.042,0.017,0.051,0.194,0.697
42093,0.042,0.022,0.079,0.143,0.714
29099,0.042,0.117,0.178,0.216,0.447
26139,0.042,0.057,0.12,0.251,0.531
39049,0.042,0.054,0.09,0.198,0.617
55035,0.042,0.076,0.203,0.255,0.424
02170,0.042,0.051,0.048,0.198,0.66
06023,0.042,0.006,0.018,0.069,0.865
36041,0.042,0.024,0.053,0.229,0.653
21019,0.084,0.125,0.202,0.235,0.354
54059,0.084,0.093,0.093,0.172,0.558
48433,0.084,0.122,0.12,0.224,0.449
26121,0.084,0.045,0.1,0.16,0.611
39101,0.084,0.18,0.115,0.159,0.462
49003,0.084,0.116,0.111,0.27,0.419
18091,0.084,0.075,0.168,0.206,0.466
48437,0.084,0.075,0.053,0.255,0.532
42087,0.084,0.049,0.129,0.171,0.567
16005,0.084,0.193,0.176,0.195,0.352
46119,0.084,0.031,0.128,0.228,0.528
37117,0.084,0.089,0.071,0.15,0.605
30035,0.084,0.154,0.17,0.196,0.396
27009,0.084,0.139,0.209,0.147,0.42
51037,0.084,0.025,0.148,0.133,0.61
48359,0.084,0.065,0.109,0.278,0.464
13197,0.084,0.12,0.167,0.196,0.433
53005,0.084,0.011,0.064,0.08,0.761
46125,0.084,0.176,0.115,0.251,0.375
40067,0.084,0.108,0.163,0.14,0.505
01049,0.084,0.051,0.106,0.179,0.58
39021,0.084,0.051,0.274,0.269,0.321
48501,0.084,0.035,0.065,0.254,0.561
31071,0.168,0.084,0.142,0.236,0.37
29101,0.168,0.107,0.026,0.189,0.511
13263,0.168,0.08,0.089,0.171,0.492
13119,0.168,0.074,0.117,0.215,0.425
20099,0.168,0.123,0.091,0.147,0.471
48335,0.168,0.131,0.087,0.126,0.489
30071,0.229,0.114,0.214,0.296,0.147
47031,0.165,0.09,0.174,0.208,0.363
40151,0.165,0.116,0.166,0.281,0.272
13195,0.165,0.084,0.055,0.186,0.511
30007,0.165,0.098,0.099,0.199,0.439
30001,0.165,0.127,0.102,0.18,0.425
30109,0.165,0.219,0.161,0.267,0.187
29059,0.165,0.143,0.167,0.154,0.371
19193,0.113,0.165,0.137,0.16,0.425
01121,0.113,0.15,0.208,0.169,0.361
16027,0.113,0.095,0.17,0.24,0.381
55057,0.113,0.124,0.18,0.232,0.352
46053,0.113,0.118,0.206,0.264,0.299
28001,0.113,0.112,0.131,0.084,0.56
46087,0.113,0.154,0.144,0.238,0.35
08009,0.113,0.053,0.194,0.206,0.435
37187,0.113,0.053,0.057,0.301,0.476
31043,0.113,0.167,0.131,0.163,0.425
17171,0.113,0.057,0.148,0.162,0.52
20111,0.113,0.111,0.133,0.3,0.344
18165,0.113,0.105,0.134,0.223,0.426
31089,0.113,0.134,0.234,0.154,0.365
55095,0.081,0.113,0.154,0.253,0.399
31015,0.081,0.159,0.267,0.184,0.309
20027,0.081,0.069,0.115,0.229,0.507
16075,0.081,0.199,0.174,0.242,0.304
05097,0.081,0.095,0.136,0.166,0.521
54053,0.081,0.095,0.195,0.149,0.481
28127,0.081,0.124,0.149,0.154,0.491
38081,0.081,0.163,0.249,0.251,0.257
48009,0.081,0.053,0.099,0.091,0.676
20095,0.081,0.212,0.114,0.128,0.464
47167,0.081,0.025,0.223,0.138,0.533
05007,0.081,0.034,0.083,0.16,0.643
27113,0.081,0.197,0.211,0.205,0.306
27127,0.081,0.123,0.248,0.255,0.293
51021,0.081,0.114,0.2,0.166,0.44
21149,0.081,0.105,0.107,0.249,0.459
17139,0.081,0.073,0.213,0.243,0.39
47149,0.081,0.073,0.121,0.215,0.51
05061,0.081,0.07,0.145,0.145,0.56
06105,0.081,0.07,0.055,0.201,0.592
22107,0.081,0.064,0.097,0.134,0.625
18177,0.162,0.09,0.138,0.261,0.348
31183,0.162,0.084,0.155,0.201,0.399
01079,0.162,0.08,0.088,0.251,0.419
27061,0.162,0.142,0.151,0.209,0.336
38039,0.162,0.054,0.197,0.217,0.37
55019,0.162,0.149,0.158,0.146,0.384
19077,0.162,0.073,0.143,0.283,0.34
27065,0.223,0.148,0.137,0.146,0.346
56035,0.223,0.111,0.061,0.231,0.374
27071,0.159,0.183,0.087,0.255,0.316
29035,0.159,0.285,0.151,0.125,0.281
40077,0.159,0.136,0.184,0.277,0.245
21205,0.159,0.097,0.047,0.231,0.467
18013,0.055,0.061,0.041,0.184,0.66
27079,0.055,0.168,0.147,0.254,0.377
28033,0.055,0.078,0.088,0.236,0.543
02164,0.055,0.036,0.04,0.299,0.571
04001,0.055,0.063,0.031,0.15,0.701
13259,0.055,0.092,0.133,0.203,0.517
17145,0.055,0.092,0.104,0.358,0.392
48133,0.055,0.089,0.104,0.195,0.557
13261,0.055,0.056,0.046,0.202,0.641
02100,0.055,0.05,0.123,0.419,0.352
01119,0.055,0.068,0.118,0.197,0.562
19181,0.055,0.182,0.181,0.245,0.337
21059,0.055,0.057,0.122,0.236,0.531
21061,0.055,0.057,0.086,0.179,0.624
12019,0.055,0.067,0.15,0.209,0.52
01037,0.055,0.131,0.167,0.263,0.384
48215,0.055,0.003,0.033,0.084,0.826
31029,0.055,0.192,0.156,0.232,0.364
42047,0.055,0.016,0.084,0.15,0.695
20165,0.11,0.122,0.182,0.183,0.403
27081,0.11,0.078,0.203,0.292,0.317
29007,0.11,0.078,0.203,0.281,0.327
22029,0.11,0.104,0.112,0.095,0.579
46079,0.11,0.144,0.183,0.237,0.326
55027,0.11,0.138,0.166,0.2,0.386
28005,0.11,0.092,0.122,0.204,0.473
29219,0.11,0.083,0.111,0.25,0.446
22025,0.11,0.056,0.086,0.147,0.6
26075,0.11,0.08,0.133,0.166,0.511
31131,0.11,0.097,0.09,0.275,0.428
20127,0.11,0.094,0.148,0.244,0.404
17003,0.11,0.082,0.148,0.262,0.398
28031,0.11,0.105,0.085,0.193,0.506
27051,0.11,0.137,0.193,0.165,0.396
19113,0.039,0.081,0.115,0.201,0.563
51093,0.039,0.055,0.059,0.277,0.569
37133,0.039,0.039,0.159,0.254,0.509
33009,0.039,0.026,0.032,0.199,0.705
17143,0.039,0.036,0.096,0.251,0.577
47155,0.039,0.072,0.15,0.183,0.556
13067,0.039,0.049,0.116,0.225,0.572
17131,0.039,0.066,0.11,0.215,0.571
49051,0.039,0.063,0.056,0.254,0.588
13319,0.039,0.062,0.141,0.224,0.534
48033,0.039,0.115,0.125,0.107,0.614
48081,0.039,0.056,0.093,0.241,0.572
04005,0.039,0.08,0.07,0.11,0.702
55011,0.039,0.106,0.172,0.269,0.414
26021,0.039,0.037,0.122,0.247,0.555
29510,0.039,0.017,0.08,0.137,0.726
42001,0.039,0.034,0.083,0.238,0.606
54031,0.039,0.152,0.103,0.23,0.476
22067,0.039,0.105,0.124,0.166,0.566
37125,0.039,0.105,0.041,0.237,0.578
48427,0.039,0.008,0.023,0.1,0.831
26053,0.039,0.064,0.139,0.257,0.501
46101,0.078,0.183,0.165,0.245,0.329
17185,0.078,0.113,0.271,0.325,0.212
22057,0.078,0.039,0.159,0.151,0.573
27057,0.078,0.15,0.164,0.227,0.38
22013,0.078,0.052,0.17,0.291,0.409
40111,0.078,0.052,0.204,0.276,0.39
16077,0.078,0.205,0.152,0.185,0.381
08075,0.078,0.202,0.101,0.368,0.251
19133,0.078,0.069,0.087,0.127,0.64
13193,0.078,0.049,0.113,0.21,0.55
05041,0.078,0.033,0.19,0.189,0.509
02016,0.078,0.031,0.03,0.337,0.524
46083,0.078,0.181,0.106,0.25,0.385
39095,0.078,0.056,0.111,0.189,0.566
26151,0.078,0.112,0.077,0.21,0.522
01103,0.078,0.077,0.082,0.304,0.459
17161,0.078,0.025,0.066,0.235,0.596
21133,0.078,0.05,0.127,0.122,0.624
05031,0.078,0.123,0.138,0.341,0.32
27111,0.078,0.182,0.278,0.17,0.291
36035,0.078,0.015,0.06,0.118,0.729
39043,0.078,0.022,0.091,0.179,0.63
19119,0.078,0.173,0.157,0.247,0.344
28145,0.078,0.085,0.148,0.219,0.47
19039,0.078,0.167,0.143,0.194,0.418
27043,0.078,0.158,0.163,0.261,0.34
55003,0.078,0.038,0.118,0.363,0.403
27089,0.078,0.152,0.221,0.234,0.315
42119,0.078,0.032,0.103,0.211,0.576
45071,0.078,0.128,0.062,0.202,0.529
13271,0.156,0.075,0.134,0.208,0.427
13125,0.156,0.066,0.107,0.13,0.541
29145,0.156,0.121,0.14,0.211,0.373
45033,0.156,0.056,0.188,0.17,0.43
31011,0.156,0.08,0.151,0.197,0.415
55103,0.312,0.074,0.055,0.116,0.443
29057,0.312,0.044,0.138,0.136,0.369
38087,0.217,0.179,0.142,0.246,0.215
46045,0.217,0.088,0.15,0.197,0.348
29215,0.309,0.171,0.231,0.106,0.183
19027,0.153,0.11,0.241,0.139,0.358
37113,0.153,0.039,0.085,0.182,0.541
20081,0.153,0.107,0.137,0.239,0.364
20159,0.153,0.086,0.11,0.241,0.41
45031,0.153,0.083,0.114,0.103,0.548
40007,0.153,0.154,0.085,0.223,0.384
20001,0.153,0.212,0.126,0.167,0.341
19093,0.153,0.094,0.246,0.128,0.38
21051,0.153,0.082,0.165,0.16,0.44
37005,0.153,0.067,0.067,0.21,0.504
01075,0.107,0.045,0.132,0.189,0.527
21153,0.107,0.078,0.111,0.164,0.54
39067,0.107,0.141,0.153,0.233,0.365
51105,0.107,0.135,0.072,0.104,0.582
21007,0.107,0.033,0.198,0.257,0.404
49039,0.107,0.043,0.104,0.273,0.473
48101,0.107,0.106,0.188,0.176,0.423
05025,0.107,0.03,0.16,0.231,0.472
29171,0.107,0.111,0.209,0.191,0.382
47091,0.107,0.079,0.141,0.261,0.412
16023,0.107,0.213,0.159,0.222,0.298
47109,0.107,0.105,0.115,0.274,0.4
05101,0.107,0.14,0.084,0.261,0.408
49007,0.107,0.134,0.114,0.293,0.353
20009,0.107,0.131,0.12,0.211,0.43
19177,0.107,0.128,0.175,0.218,0.372
30107,0.214,0.135,0.144,0.189,0.318
19151,0.214,0.124,0.162,0.165,0.335
31013,0.303,0.112,0.096,0.285,0.203
20035,0.075,0.093,0.28,0.131,0.421
51750,0.075,0.045,0.11,0.177,0.593
40049,0.075,0.087,0.157,0.249,0.433
20079,0.075,0.058,0.121,0.323,0.423
18133,0.075,0.162,0.204,0.194,0.366
54051,0.075,0.095,0.077,0.256,0.497
50025,0.075,0.031,0.035,0.151,0.708
48317,0.075,0.043,0.056,0.235,0.591
19037,0.075,0.136,0.197,0.236,0.356
54075,0.075,0.03,0.17,0.227,0.499
40029,0.075,0.12,0.105,0.307,0.394
05087,0.075,0.088,0.159,0.114,0.564
13111,0.075,0.088,0.125,0.112,0.6
37111,0.075,0.114,0.105,0.143,0.563
19163,0.075,0.027,0.126,0.277,0.494
08077,0.075,0.105,0.098,0.222,0.499
06031,0.075,0.016,0.049,0.094,0.766
01095,0.075,0.064,0.129,0.253,0.479
20147,0.15,0.244,0.126,0.19,0.29
46102,0.15,0.075,0.139,0.281,0.355
05005,0.15,0.104,0.108,0.104,0.534
48357,0.15,0.104,0.105,0.201,0.439
20135,0.15,0.083,0.199,0.198,0.371
18069,0.15,0.182,0.053,0.199,0.416
29117,0.15,0.228,0.111,0.25,0.26
30089,0.15,0.204,0.191,0.172,0.283
29011,0.15,0.131,0.134,0.111,0.474
46025,0.211,0.147,0.172,0.125,0.345
16047,0.211,0.202,0.089,0.153,0.345
29141,0.211,0.118,0.175,0.193,0.304
21225,0.211,0.079,0.229,0.172,0.309
29225,0.297,0.09,0.162,0.137,0.313
46007,0.147,0.052,0.117,0.327,0.356
31039,0.147,0.066,0.122,0.347,0.317
39019,0.147,0.261,0.052,0.15,0.39
46121,0.147,0.031,0.097,0.368,0.357
48075,0.147,0.124,0.189,0.206,0.334
42023,0.147,0.014,0.048,0.142,0.649
27035,0.147,0.112,0.081,0.249,0.411
17067,0.147,0.154,0.125,0.163,0.411
48295,0.147,0.143,0.099,0.195,0.415
29229,0.419,0.139,0.187,0.1,0.155
48159,0.013,0.055,0.131,0.327,0.474
08005,0.013,0.026,0.065,0.193,0.703
17089,0.013,0.026,0.048,0.165,0.748
51043,0.013,0.036,0.057,0.154,0.74
17175,0.013,0.101,0.058,0.155,0.672
51007,0.013,0.069,0.116,0.13,0.672
42025,0.013,0.062,0.015,0.145,0.764
08069,0.013,0.037,0.06,0.231,0.659
42057,0.013,0.145,0.053,0.23,0.559
25013,0.013,0.017,0.055,0.13,0.786
08073,0.013,0.068,0.196,0.403,0.321
34009,0.013,0.011,0.022,0.214,0.74
41053,0.013,0.022,0.078,0.242,0.645
08035,0.013,0.041,0.081,0.192,0.673
40015,0.013,0.111,0.194,0.239,0.444
17103,0.013,0.054,0.058,0.224,0.65
13037,0.013,0.035,0.043,0.172,0.737
37195,0.013,0.067,0.081,0.248,0.59
48229,0.013,0.003,0.076,0.029,0.88
28093,0.013,0.006,0.13,0.301,0.55
24005,0.013,0.024,0.043,0.142,0.777
48327,0.013,0.048,0.088,0.289,0.562
41051,0.013,0.016,0.054,0.178,0.738
01065,0.026,0.061,0.084,0.191,0.639
15005,0.026,0.013,0.032,0.08,0.85
36113,0.026,0.018,0.104,0.13,0.723
06047,0.026,0.036,0.089,0.146,0.703
13121,0.026,0.036,0.089,0.187,0.662
48411,0.026,0.101,0.099,0.255,0.519
20087,0.026,0.069,0.09,0.182,0.634
28123,0.026,0.049,0.129,0.252,0.543
42021,0.026,0.062,0.153,0.228,0.53
12011,0.026,0.023,0.043,0.117,0.791
06065,0.026,0.014,0.041,0.116,0.803
48105,0.026,0.071,0.072,0.225,0.606
51041,0.026,0.03,0.08,0.216,0.649
36033,0.026,0.027,0.117,0.097,0.733
36115,0.026,0.027,0.135,0.138,0.673
05145,0.026,0.054,0.152,0.277,0.491
27045,0.026,0.102,0.099,0.29,0.483
10001,0.026,0.006,0.106,0.051,0.811
51069,0.026,0.048,0.048,0.264,0.614
13275,0.026,0.096,0.12,0.228,0.53
19031,0.026,0.096,0.142,0.355,0.381
41049,0.026,0.004,0.083,0.197,0.69
42075,0.026,0.008,0.062,0.178,0.725
23029,0.026,0.032,0.126,0.204,0.612
05107,0.052,0.061,0.134,0.276,0.477
26085,0.052,0.122,0.073,0.204,0.548
51019,0.052,0.09,0.115,0.248,0.495
21143,0.052,0.11,0.316,0.138,0.384
08033,0.052,0.039,0.066,0.252,0.591
22033,0.052,0.031,0.09,0.183,0.642
18125,0.052,0.089,0.163,0.2,0.495
20047,0.052,0.086,0.135,0.221,0.506
21117,0.052,0.056,0.146,0.245,0.5
42125,0.052,0.02,0.045,0.149,0.735
48455,0.052,0.077,0.065,0.181,0.625
28155,0.052,0.145,0.079,0.222,0.502
12071,0.052,0.05,0.073,0.176,0.648
26011,0.052,0.136,0.076,0.252,0.484
08003,0.052,0.133,0.094,0.228,0.493
19023,0.052,0.094,0.208,0.23,0.417
08071,0.052,0.03,0.101,0.17,0.648
18011,0.052,0.085,0.142,0.308,0.413
39039,0.052,0.114,0.152,0.221,0.462
41007,0.052,0.027,0.051,0.073,0.797
39123,0.052,0.035,0.084,0.219,0.609
27005,0.052,0.28,0.175,0.24,0.252
21039,0.104,0.045,0.188,0.236,0.428
42059,0.104,0.11,0.187,0.124,0.475
20191,0.104,0.039,0.115,0.298,0.444
27119,0.104,0.208,0.197,0.196,0.295
47165,0.104,0.069,0.14,0.196,0.49
05017,0.104,0.074,0.193,0.097,0.531
17151,0.104,0.054,0.213,0.214,0.415
13303,0.104,0.07,0.053,0.157,0.617
27059,0.104,0.099,0.215,0.14,0.442
56017,0.208,0.093,0.068,0.307,0.324
29169,0.208,0.103,0.16,0.175,0.354
48221,0.009,0.122,0.135,0.124,0.61
48145,0.009,0.029,0.061,0.187,0.715
48435,0.009,0.042,0.08,0.209,0.659
20177,0.009,0.078,0.095,0.184,0.633
24015,0.009,0.018,0.054,0.182,0.738
48237,0.009,0.018,0.012,0.37,0.592
37021,0.009,0.023,0.044,0.23,0.693
48243,0.009,0.005,0.038,0.186,0.763
35041,0.009,0.154,0.089,0.146,0.602
28103,0.009,0.034,0.112,0.203,0.642
37093,0.009,0.047,0.092,0.236,0.616
48235,0.009,0.047,0.058,0.276,0.61
16069,0.009,0.03,0.117,0.326,0.517
24011,0.009,0.019,0.033,0.168,0.77
42123,0.009,0.019,0.114,0.224,0.634
48407,0.009,0.064,0.082,0.112,0.733
20139,0.018,0.09,0.088,0.24,0.564
39041,0.018,0.081,0.084,0.177,0.64
51530,0.018,0.15,0.068,0.125,0.639
28087,0.018,0.052,0.148,0.193,0.59
36083,0.018,0.018,0.073,0.14,0.751
41031,0.018,0.062,0.012,0.25,0.657
17099,0.018,0.046,0.113,0.267,0.556
37149,0.018,0.115,0.105,0.263,0.499
28009,0.018,0.014,0.246,0.233,0.489
36029,0.018,0.014,0.04,0.161,0.766
08014,0.018,0.005,0.042,0.201,0.734
01129,0.018,0.077,0.102,0.307,0.495
21163,0.018,0.154,0.115,0.154,0.559
48017,0.018,0.106,0.06,0.217,0.598
26079,0.018,0.037,0.07,0.228,0.646
51550,0.018,0.025,0.095,0.182,0.68
17135,0.018,0.05,0.091,0.316,0.525
49043,0.018,0.1,0.054,0.177,0.651
24003,0.018,0.022,0.067,0.154,0.739
08101,0.018,0.044,0.074,0.28,0.584
33015,0.018,0.057,0.074,0.212,0.639
26091,0.018,0.027,0.083,0.26,0.612
47021,0.018,0.067,0.155,0.28,0.48
36055,0.018,0.012,0.056,0.129,0.785
42133,0.018,0.024,0.091,0.174,0.693
06069,0.018,0.004,0.063,0.175,0.739
06013,0.018,0.016,0.039,0.121,0.806
51059,0.018,0.016,0.054,0.163,0.748
48245,0.036,0.075,0.11,0.171,0.608
48507,0.036,0.075,0.115,0.138,0.635
28075,0.036,0.018,0.105,0.197,0.643
35011,0.036,0.069,0.085,0.098,0.712
48267,0.036,0.126,0.165,0.207,0.466
36101,0.036,0.031,0.057,0.201,0.674
02185,0.036,0.059,0.235,0.215,0.455
17177,0.036,0.059,0.041,0.222,0.644
45019,0.036,0.059,0.062,0.186,0.657
35001,0.036,0.014,0.057,0.135,0.758
37143,0.036,0.014,0.154,0.299,0.498
13089,0.036,0.028,0.075,0.156,0.704
26165,0.036,0.056,0.077,0.171,0.659
05023,0.036,0.065,0.093,0.259,0.546
37137,0.036,0.057,0.181,0.243,0.482
13135,0.036,0.054,0.081,0.19,0.639
26087,0.036,0.105,0.104,0.133,0.622
18143,0.036,0.073,0.168,0.263,0.46
19049,0.036,0.102,0.118,0.26,0.485
42011,0.036,0.012,0.06,0.174,0.719
21111,0.036,0.048,0.083,0.23,0.602
47093,0.036,0.032,0.144,0.209,0.579
21101,0.072,0.061,0.136,0.229,0.501
37079,0.072,0.061,0.127,0.24,0.501
28035,0.072,0.042,0.091,0.267,0.527
17049,0.072,0.072,0.214,0.232,0.41
27093,0.072,0.144,0.094,0.323,0.367
31137,0.072,0.126,0.103,0.336,0.363
39167,0.072,0.121,0.142,0.29,0.375
45065,0.072,0.115,0.106,0.202,0.505
27055,0.072,0.08,0.086,0.283,0.478
31085,0.072,0.151,0.161,0.273,0.343
13189,0.072,0.053,0.123,0.265,0.488
02070,0.072,0.025,0.027,0.391,0.484
22125,0.072,0.13,0.037,0.265,0.496
26023,0.072,0.091,0.205,0.234,0.399
28141,0.072,0.179,0.155,0.225,0.37
13255,0.072,0.038,0.179,0.202,0.509
27037,0.072,0.076,0.129,0.236,0.488
13207,0.072,0.035,0.184,0.253,0.455
39105,0.072,0.137,0.182,0.177,0.432
19195,0.072,0.271,0.175,0.231,0.251
54091,0.072,0.032,0.092,0.288,0.517
54029,0.072,0.128,0.151,0.19,0.459
19159,0.144,0.138,0.281,0.162,0.275
31005,0.144,0.135,0.117,0.248,0.356
46031,0.144,0.19,0.134,0.285,0.247
38097,0.144,0.115,0.205,0.233,0.303
05071,0.144,0.103,0.205,0.221,0.328
29063,0.144,0.133,0.159,0.241,0.323
13295,0.144,0.164,0.117,0.21,0.366
39007,0.144,0.008,0.099,0.257,0.492
18179,0.205,0.05,0.077,0.337,0.332
40053,0.205,0.136,0.145,0.255,0.257
46049,0.205,0.079,0.146,0.198,0.372
29067,0.285,0.149,0.07,0.167,0.328
46047,0.141,0.093,0.152,0.25,0.364
13287,0.141,0.042,0.094,0.175,0.547
28065,0.141,0.132,0.101,0.181,0.445
54085,0.141,0.059,0.183,0.262,0.356
18075,0.141,0.139,0.157,0.235,0.328
51077,0.141,0.065,0.07,0.196,0.527
30023,0.141,0.173,0.064,0.133,0.489
31017,0.141,0.082,0.167,0.275,0.335
54021,0.141,0.076,0.144,0.236,0.403
27015,0.101,0.061,0.251,0.265,0.322
39059,0.101,0.162,0.137,0.181,0.419
39033,0.101,0.107,0.126,0.184,0.482
21003,0.101,0.072,0.097,0.211,0.519
31065,0.101,0.135,0.129,0.319,0.315
30079,0.101,0.27,0.171,0.283,0.176
29075,0.101,0.166,0.182,0.299,0.251
12047,0.101,0.071,0.235,0.227,0.365
20115,0.101,0.068,0.209,0.279,0.343
02050,0.101,0.022,0.014,0.45,0.413
01031,0.101,0.152,0.094,0.186,0.466
55069,0.101,0.105,0.132,0.204,0.459
16065,0.101,0.207,0.196,0.25,0.245
55109,0.101,0.102,0.085,0.342,0.37
48341,0.101,0.064,0.123,0.27,0.441
55023,0.202,0.033,0.11,0.158,0.497
31069,0.202,0.124,0.119,0.268,0.288
38093,0.202,0.053,0.076,0.314,0.354
16037,0.069,0.029,0.199,0.244,0.458
39161,0.069,0.084,0.223,0.412,0.212
48263,0.069,0.168,0.172,0.167,0.424
22099,0.069,0.11,0.096,0.178,0.548
20007,0.069,0.147,0.118,0.329,0.336
36049,0.069,0.036,0.02,0.11,0.765
48231,0.069,0.072,0.082,0.285,0.492
47009,0.069,0.089,0.097,0.183,0.562
13321,0.069,0.056,0.083,0.187,0.605
39061,0.069,0.056,0.102,0.224,0.549
55009,0.069,0.053,0.184,0.208,0.486
23017,0.069,0.065,0.064,0.213,0.589
45007,0.069,0.065,0.138,0.26,0.468
54049,0.069,0.06,0.111,0.281,0.479
40103,0.069,0.085,0.1,0.253,0.493
46041,0.069,0.057,0.141,0.237,0.497
31135,0.069,0.164,0.142,0.233,0.393
28067,0.069,0.079,0.118,0.169,0.565
48173,0.069,0.054,0.058,0.234,0.586
17051,0.069,0.076,0.156,0.229,0.47
21043,0.069,0.102,0.122,0.324,0.383
01113,0.069,0.067,0.08,0.213,0.57
19123,0.069,0.067,0.294,0.283,0.287
28003,0.069,0.131,0.15,0.222,0.428
18005,0.138,0.084,0.085,0.286,0.406
28151,0.138,0.084,0.164,0.114,0.5
30101,0.138,0.165,0.178,0.135,0.384
56009,0.138,0.113,0.121,0.293,0.335
19005,0.138,0.049,0.132,0.212,0.469
31129,0.138,0.132,0.064,0.349,0.318
55005,0.138,0.163,0.07,0.259,0.37
19185,0.138,0.148,0.252,0.12,0.342
39083,0.138,0.1,0.065,0.17,0.526
29013,0.138,0.068,0.112,0.237,0.444
17065,0.138,0.179,0.1,0.21,0.373
12133,0.138,0.085,0.062,0.158,0.557
17149,0.138,0.079,0.218,0.205,0.36
29097,0.138,0.152,0.147,0.176,0.388
39127,0.138,0.149,0.214,0.19,0.309
48467,0.138,0.143,0.151,0.161,0.407
20175,0.138,0.14,0.092,0.226,0.403
01057,0.138,0.048,0.151,0.233,0.429
47087,0.138,0.128,0.249,0.093,0.392
19059,0.276,0.027,0.091,0.173,0.433
19147,0.199,0.116,0.088,0.179,0.419
31075,0.199,0.116,0.102,0.27,0.313
31175,0.135,0.09,0.118,0.278,0.38
19057,0.135,0.081,0.109,0.122,0.553
19109,0.135,0.318,0.101,0.173,0.272
13309,0.135,0.078,0.162,0.23,0.395
26059,0.135,0.075,0.119,0.247,0.424
45075,0.135,0.056,0.111,0.169,0.529
20155,0.135,0.077,0.143,0.191,0.454
40081,0.135,0.103,0.204,0.222,0.337
27047,0.135,0.085,0.206,0.283,0.291
18131,0.135,0.219,0.171,0.253,0.223
01019,0.135,0.027,0.161,0.158,0.52
20071,0.135,0.131,0.181,0.229,0.323
30041,0.27,0.106,0.159,0.192,0.273
18027,0.049,0.061,0.13,0.214,0.546
13085,0.049,0.09,0.128,0.162,0.571
13169,0.049,0.087,0.226,0.209,0.43
12031,0.049,0.042,0.086,0.194,0.629
08079,0.049,0.072,0.138,0.264,0.478
24009,0.049,0.049,0.071,0.11,0.72
13219,0.049,0.063,0.095,0.181,0.611
48153,0.049,0.063,0.043,0.216,0.629
22005,0.049,0.092,0.142,0.148,0.569
01073,0.049,0.037,0.107,0.179,0.628
48059,0.049,0.06,0.119,0.205,0.567
01025,0.049,0.088,0.164,0.268,0.43
47171,0.049,0.041,0.108,0.306,0.497
45045,0.049,0.079,0.153,0.206,0.513
13057,0.049,0.054,0.1,0.213,0.584
01023,0.049,0.038,0.126,0.219,0.568
35037,0.049,0.152,0.07,0.159,0.571
47101,0.098,0.084,0.198,0.236,0.385
29143,0.098,0.112,0.149,0.18,0.461
22085,0.098,0.08,0.113,0.145,0.564
39029,0.098,0.08,0.115,0.156,0.551
56041,0.098,0.278,0.154,0.207,0.264
54083,0.098,0.05,0.14,0.265,0.447
54015,0.098,0.097,0.162,0.152,0.491
31147,0.098,0.185,0.166,0.252,0.298
13155,0.098,0.091,0.126,0.224,0.46
42117,0.098,0.044,0.111,0.183,0.565
29227,0.098,0.17,0.218,0.272,0.241
29125,0.098,0.158,0.121,0.198,0.424
05057,0.098,0.073,0.096,0.179,0.554
05105,0.098,0.051,0.08,0.367,0.404
19011,0.098,0.067,0.13,0.2,0.504
13075,0.098,0.134,0.123,0.203,0.441
30015,0.196,0.135,0.171,0.152,0.346
27155,0.196,0.139,0.16,0.11,0.395
46091,0.196,0.146,0.183,0.161,0.313
22003,0.196,0.07,0.118,0.2,0.416
48479,0.033,0,0.064,0.136,0.767
02198,0.033,0.125,0.161,0.3,0.38
48369,0.033,0.081,0.089,0.277,0.521
04021,0.033,0.055,0.096,0.148,0.667
13029,0.033,0.039,0.095,0.238,0.595
48399,0.033,0.039,0.104,0.228,0.596
08011,0.033,0.036,0.172,0.191,0.567
29107,0.033,0.098,0.052,0.247,0.571
51149,0.033,0.033,0.127,0.189,0.619
51137,0.033,0.132,0.038,0.153,0.643
51683,0.033,0.023,0.027,0.175,0.742
26037,0.033,0.056,0.046,0.263,0.603
53041,0.033,0.112,0.128,0.111,0.616
05093,0.033,0.109,0.134,0.284,0.44
01091,0.033,0.151,0.118,0.186,0.512
21179,0.033,0.106,0.068,0.244,0.548
13095,0.033,0.037,0.045,0.159,0.726
29047,0.033,0.037,0.076,0.199,0.655
48167,0.033,0.037,0.105,0.207,0.617
36085,0.033,0.015,0.046,0.178,0.728
05141,0.033,0.06,0.096,0.272,0.539
06027,0.033,0.011,0.008,0.058,0.889
53063,0.033,0.057,0.08,0.151,0.679
48397,0.033,0.041,0.101,0.18,0.645
18159,0.033,0.082,0.089,0.444,0.352
55061,0.033,0.035,0.112,0.208,0.612
54057,0.033,0.016,0.042,0.234,0.674
28061,0.066,0.09,0.144,0.167,0.533
51071,0.066,0.09,0.14,0.137,0.567
48189,0.066,0.058,0.028,0.239,0.609
21035,0.066,0.084,0.248,0.17,0.432
17077,0.066,0.078,0.151,0.209,0.496
37151,0.066,0.078,0.105,0.138,0.613
48023,0.066,0.075,0.134,0.104,0.62
22105,0.066,0.072,0.103,0.193,0.566
48077,0.066,0.049,0.105,0.087,0.693
31021,0.066,0.063,0.09,0.321,0.46
49057,0.066,0.089,0.072,0.287,0.486
45077,0.066,0.059,0.146,0.236,0.493
22101,0.066,0.02,0.179,0.28,0.454
22083,0.066,0.08,0.126,0.194,0.534
39139,0.066,0.08,0.213,0.221,0.419
19171,0.066,0.053,0.209,0.181,0.491
21221,0.066,0.053,0.131,0.152,0.597
29049,0.066,0.103,0.106,0.209,0.517
01067,0.066,0.068,0.17,0.258,0.438
28125,0.066,0.068,0.148,0.128,0.59
21031,0.066,0.097,0.133,0.17,0.535
40043,0.066,0.185,0.286,0.219,0.244
05125,0.066,0.044,0.154,0.212,0.524
13277,0.066,0.088,0.122,0.227,0.496
05045,0.066,0.027,0.077,0.403,0.426
39023,0.066,0.027,0.19,0.247,0.471
37105,0.066,0.102,0.081,0.115,0.636
26115,0.066,0.035,0.054,0.183,0.663
42107,0.066,0.002,0.048,0.173,0.711
30031,0.132,0.093,0.115,0.213,0.448
13105,0.132,0.177,0.081,0.107,0.503
54033,0.132,0.021,0.071,0.319,0.457
46105,0.132,0.081,0.185,0.243,0.36
40045,0.132,0.22,0.135,0.207,0.306
18129,0.132,0.056,0.115,0.226,0.472
06093,0.132,0.074,0.082,0.167,0.546
17169,0.132,0.1,0.152,0.198,0.417
46033,0.132,0.088,0.156,0.229,0.396
31115,0.193,0.084,0.129,0.276,0.318
38043,0.193,0.206,0.074,0.301,0.226
38075,0.193,0.13,0.141,0.262,0.274
13213,0.193,0.03,0.182,0.177,0.417
30075,0.193,0.24,0.106,0.188,0.273
31123,0.261,0.119,0.124,0.273,0.223
30111,0.129,0.177,0.167,0.262,0.265
29087,0.129,0.223,0.156,0.232,0.26
45053,0.129,0.055,0.056,0.201,0.559
13017,0.129,0.078,0.109,0.202,0.483
46071,0.129,0.052,0.136,0.281,0.401
21129,0.129,0.069,0.129,0.273,0.399
46067,0.129,0.163,0.199,0.188,0.321
05009,0.129,0.145,0.122,0.189,0.416
29133,0.129,0.097,0.141,0.221,0.413
01093,0.129,0.064,0.246,0.207,0.353
39125,0.095,0.061,0.24,0.314,0.29
17199,0.095,0.122,0.136,0.183,0.464
27125,0.095,0.241,0.194,0.184,0.286
27133,0.095,0.22,0.11,0.247,0.328
17035,0.095,0.075,0.194,0.212,0.424
27137,0.095,0.052,0.098,0.297,0.457
37075,0.095,0.072,0.096,0.236,0.502
55107,0.095,0.135,0.106,0.168,0.496
06089,0.095,0.056,0.071,0.232,0.547
56039,0.095,0.157,0.16,0.247,0.34
18035,0.095,0.109,0.124,0.197,0.475
18161,0.095,0.053,0.106,0.178,0.569
01047,0.095,0.1,0.159,0.122,0.524
40133,0.095,0.034,0.225,0.169,0.478
16011,0.095,0.197,0.175,0.229,0.304
13301,0.095,0.065,0.14,0.226,0.474
48171,0.095,0.091,0.107,0.114,0.592
18079,0.095,0.105,0.172,0.308,0.319
04009,0.095,0.067,0.237,0.049,0.553
17193,0.19,0.144,0.095,0.239,0.332
38053,0.19,0.182,0.142,0.253,0.232
28045,0.063,0.09,0.089,0.254,0.503
29113,0.063,0.119,0.236,0.282,0.299
48257,0.063,0.058,0.041,0.155,0.682
51011,0.063,0.018,0.105,0.204,0.61
05043,0.063,0.049,0.207,0.159,0.523
48117,0.063,0.063,0.095,0.284,0.494
48227,0.063,0.063,0.061,0.218,0.596
48381,0.063,0.063,0.109,0.274,0.491
26025,0.063,0.121,0.078,0.178,0.559
13013,0.063,0.086,0.092,0.19,0.568
55111,0.063,0.163,0.113,0.193,0.468
13131,0.063,0.139,0.116,0.264,0.417
13137,0.063,0.1,0.116,0.292,0.43
55093,0.063,0.094,0.144,0.25,0.449
48273,0.063,0.015,0.075,0.121,0.726
20059,0.063,0.06,0.159,0.354,0.364
51117,0.063,0.022,0.128,0.14,0.648
40101,0.063,0.088,0.262,0.198,0.388
27103,0.063,0.085,0.164,0.296,0.392
51089,0.063,0.085,0.132,0.154,0.566
47081,0.063,0.057,0.082,0.217,0.581
21087,0.063,0.076,0.127,0.247,0.488
51690,0.063,0.076,0.134,0.163,0.564
48275,0.063,0.105,0.184,0.145,0.502
13215,0.063,0.073,0.083,0.225,0.555
19067,0.063,0.271,0.148,0.25,0.268
06063,0.063,0.067,0.053,0.146,0.671
29115,0.126,0.156,0.118,0.274,0.326
30087,0.126,0.214,0.143,0.248,0.269
20083,0.126,0.075,0.163,0.225,0.412
13269,0.126,0.069,0.182,0.201,0.422
47103,0.126,0.187,0.106,0.214,0.367
20169,0.126,0.133,0.175,0.209,0.357
29181,0.126,0.254,0.161,0.15,0.308
13149,0.126,0.094,0.166,0.144,0.471
30095,0.126,0.173,0.16,0.255,0.286
39157,0.126,0.204,0.116,0.215,0.339
47057,0.126,0.134,0.129,0.221,0.39
46111,0.252,0.095,0.222,0.155,0.276
47147,0.187,0.069,0.081,0.159,0.504
27001,0.187,0.115,0.075,0.247,0.375
38033,0.187,0.206,0.149,0.256,0.203
54017,0.187,0.011,0.075,0.307,0.42
31105,0.187,0.173,0.161,0.228,0.25
21121,0.187,0.073,0.103,0.165,0.471
01039,0.187,0.128,0.129,0.201,0.356
53023,0.031,0.029,0.085,0.292,0.563
48053,0.031,0.039,0.055,0.194,0.682
50013,0.031,0.039,0.088,0.113,0.729
41039,0.031,0.036,0.077,0.137,0.719
48219,0.031,0.072,0.06,0.237,0.6
48303,0.031,0.072,0.056,0.232,0.61
37085,0.031,0.069,0.06,0.129,0.711
51051,0.031,0.129,0.129,0.182,0.528
08041,0.031,0.089,0.081,0.196,0.603
23015,0.031,0.014,0.065,0.204,0.688
01011,0.031,0.04,0.144,0.286,0.5
18141,0.031,0.04,0.102,0.228,0.598
28079,0.031,0.04,0.139,0.158,0.633
48035,0.031,0.154,0.102,0.248,0.465
48307,0.031,0.053,0.09,0.34,0.486
50021,0.031,0.037,0.088,0.205,0.639
28121,0.031,0.103,0.127,0.179,0.561
48107,0.031,0.071,0.058,0.227,0.613
55131,0.031,0.142,0.22,0.298,0.309
24043,0.031,0.047,0.085,0.194,0.642
17201,0.031,0.03,0.089,0.193,0.657
26111,0.031,0.03,0.098,0.214,0.626
01107,0.031,0.06,0.169,0.157,0.584
04025,0.031,0.073,0.081,0.176,0.639
22103,0.031,0.073,0.074,0.211,0.611
26145,0.031,0.073,0.082,0.197,0.616
48339,0.031,0.073,0.061,0.145,0.69
21067,0.031,0.051,0.066,0.202,0.65
50007,0.031,0.07,0.065,0.115,0.718
42041,0.031,0.032,0.183,0.192,0.562
04012,0.031,0.064,0.162,0.173,0.57
18095,0.062,0.084,0.15,0.145,0.559
02068,0.062,0.081,0.067,0.225,0.565
20097,0.062,0.107,0.128,0.233,0.469
51185,0.062,0.104,0.264,0.16,0.41
42109,0.062,0.036,0.104,0.226,0.572
28051,0.062,0.072,0.095,0.099,0.672
05055,0.062,0.141,0.154,0.346,0.297
48503,0.062,0.063,0.086,0.144,0.645
37155,0.062,0.031,0.116,0.165,0.626
13133,0.062,0.046,0.057,0.176,0.658
37045,0.062,0.121,0.094,0.151,0.573
17025,0.062,0.115,0.145,0.306,0.372
22055,0.062,0.083,0.105,0.217,0.533
49017,0.062,0.056,0.232,0.264,0.386
21005,0.062,0.01,0.044,0.483,0.401
37189,0.062,0.01,0.072,0.363,0.493
29139,0.062,0.077,0.161,0.307,0.392
01089,0.062,0.05,0.123,0.177,0.589
31099,0.062,0.127,0.094,0.318,0.399
36003,0.062,0.015,0.028,0.124,0.771
26065,0.062,0.03,0.076,0.237,0.595
13107,0.062,0.044,0.142,0.252,0.5
39165,0.062,0.044,0.085,0.162,0.647
05117,0.062,0.17,0.103,0.273,0.391
42081,0.062,0.057,0.06,0.207,0.614
45055,0.062,0.019,0.114,0.189,0.616
55033,0.062,0.076,0.179,0.266,0.417
23021,0.062,0.146,0.123,0.189,0.479
17203,0.062,0.067,0.112,0.242,0.517
53007,0.062,0.048,0.029,0.297,0.564
31103,0.124,0.09,0.183,0.273,0.331
13161,0.124,0.138,0.165,0.183,0.39
46081,0.124,0.089,0.154,0.205,0.428
29061,0.124,0.166,0.172,0.247,0.291
17087,0.124,0.05,0.189,0.141,0.496
19053,0.248,0.132,0.258,0.068,0.294
31161,0.248,0.083,0.094,0.333,0.242
38079,0.248,0.154,0.135,0.235,0.228
17183,0.023,0.119,0.088,0.266,0.504
06059,0.023,0.021,0.046,0.156,0.754
17031,0.023,0.021,0.072,0.162,0.722
51171,0.023,0.039,0.136,0.288,0.514
34027,0.023,0.018,0.049,0.191,0.72
27109,0.023,0.101,0.057,0.333,0.485
12057,0.023,0.031,0.069,0.155,0.722
09009,0.023,0.014,0.053,0.115,0.795
25009,0.023,0.01,0.047,0.131,0.788
34005,0.023,0.02,0.043,0.134,0.779
42055,0.023,0.04,0.082,0.248,0.607
05003,0.023,0.103,0.163,0.117,0.595
55105,0.023,0.139,0.096,0.277,0.464
04013,0.023,0.025,0.059,0.158,0.734
21181,0.023,0.025,0.09,0.271,0.591
48439,0.023,0.034,0.077,0.144,0.722
23027,0.023,0.06,0.15,0.182,0.585
25017,0.023,0.011,0.041,0.127,0.798
51003,0.023,0.022,0.054,0.093,0.81
51157,0.023,0.019,0.077,0.164,0.717
51540,0.023,0.019,0.05,0.075,0.833
21027,0.023,0.146,0.177,0.138,0.517
41069,0.023,0.07,0.049,0.232,0.626
06053,0.023,0.006,0.066,0.141,0.763
42101,0.023,0.012,0.051,0.12,0.794
04019,0.023,0.024,0.073,0.121,0.759
36071,0.023,0.008,0.042,0.18,0.746
12027,0.023,0.064,0.056,0.142,0.715
32510,0.023,0.064,0.054,0.274,0.585
12045,0.046,0.125,0.12,0.249,0.46
40073,0.046,0.093,0.05,0.192,0.619
17107,0.046,0.045,0.23,0.128,0.551
12083,0.046,0.087,0.121,0.203,0.543
42115,0.046,0.029,0.038,0.065,0.822
12051,0.046,0.042,0.112,0.15,0.65
48487,0.046,0.081,0.171,0.168,0.535
19131,0.046,0.282,0.149,0.26,0.263
40027,0.046,0.101,0.079,0.25,0.524
54061,0.046,0.077,0.139,0.221,0.517
37193,0.046,0.071,0.164,0.208,0.511
26071,0.046,0.068,0.126,0.227,0.533
21155,0.046,0.082,0.074,0.144,0.654
26105,0.046,0.054,0.199,0.14,0.561
08123,0.046,0.038,0.135,0.231,0.55
26027,0.046,0.076,0.123,0.274,0.48
48499,0.046,0.073,0.071,0.283,0.526
39099,0.046,0.099,0.099,0.231,0.525
26163,0.046,0.032,0.075,0.156,0.69
45039,0.046,0.032,0.046,0.31,0.566
13147,0.092,0.061,0.14,0.207,0.5
55047,0.092,0.122,0.184,0.117,0.486
47079,0.092,0.09,0.264,0.207,0.347
54011,0.092,0.09,0.154,0.186,0.476
55045,0.092,0.084,0.119,0.269,0.436
13027,0.092,0.165,0.124,0.235,0.385
21211,0.092,0.107,0.054,0.261,0.487
21089,0.092,0.101,0.236,0.228,0.342
22115,0.092,0.066,0.145,0.244,0.453
54001,0.092,0.031,0.071,0.287,0.519
27027,0.092,0.121,0.138,0.23,0.419
01071,0.092,0.089,0.11,0.249,0.46
20207,0.092,0.175,0.171,0.247,0.314
51083,0.092,0.028,0.072,0.165,0.643
21021,0.092,0.037,0.112,0.161,0.598
19045,0.092,0.13,0.079,0.269,0.43
12131,0.092,0.06,0.092,0.244,0.512
18093,0.092,0.117,0.109,0.191,0.491
49029,0.092,0.155,0.053,0.37,0.33
40087,0.092,0.099,0.068,0.197,0.545
27031,0.184,0.02,0.038,0.257,0.5
51580,0.184,0.017,0.133,0.188,0.478
13143,0.184,0.123,0.165,0.184,0.345
27073,0.184,0.096,0.248,0.179,0.293
